0
53
54
115
129
168
169
170
171
172
173
174
175
176
177
178
179
180
263
318
319
1573
1597
1603
1604
1608
1609
1611
1613
1614
1617
1621
1623
1637
1638
1644
1652
1655
1657
1659
1664
1672
1690
1692
1696
1703
1707
1722
1727
1730
1734
1747
1752
1770
1771
1772
1779
1786
1792
1798
1801
1807
1816
1819
1822
1830
1838
1844
1847
1851
1853
1860
1867
1870
1873
1878
1885
1887
1888
1921
1923
1934
1938
1945
1950
1952
1954
1955
1956
1959
1961
1966
1978
1979
1983
1984
1985
1995
1998
2012
2015
2022
2026
2033
2048
2050
2057
2071
2089
2108
2140
2183
2189
2191
2195
2204
2209
2212
2224
2235
2240
2243
2252
2258
2261
2289
2309
2311
2314
2344
2351
2352
2354
2359
2372
2384
2401
2437
2439
2448
2464
2468
2486
2490
2498
2505
2506
2513
2537
2546
2561
2567
2568
2570
2572
2573
2576
2580
2583
2608
2616
2621
2622
2639
2641
2643
2644
2649
2677
2683
2700
2704
2716
2727
2734
2735
2744
2748
2768
2784
2785
2786
2808
2824
2826
2827
2828
2863
2864
2873
2880
2884
2895
2900
2906
2914
2915
2924
2942
2944
2946
2947
2954
2963
2966
2973
2975
2980
2987
2988
2996
2997
3009
3010
3026
3029
3034
3055
3060
3061
3062
3064
3070
3071
3072
3073
3091
3098
3107
3115
3121
3127
3142
3150
3157
3163
3180
3187
3188
3209
3230
3235
3255
3262
3269
3291
3292
3300
3309
3310
3312
3317
3321
3322
3328
3352
3365
3371
3379
3425
3431
3434
3486
3491
3492
3498
3509
3510
3525
3542
3566
3568
3584
3585
3595
3596
3598
3600
3605
3612
3637
3642
3647
3668
3687
3698
3704
3712
3716
3744
3768
3772
3822
3831
3873
3876
3885
3904
3912
3920
3925
3928
3950
3978
3998
4042
4043
4044
4048
4059
4068
4069
4081
4085
4088
4096
4100
4104
4119
4121
4123
4136
4141
4154
4158
4160
4164
4168
4175
4179
4190
4200
4201
4224
4228
4237
4239
4240
4263
4299
4302
4323
4349
4356
4445
4461
4485
4494
4496
4509
4609
4623
4626
4628
4636
4648
4684
4731
4800
4802
4805
4812
4833
4860
5000
5012
5027
5069
5105
5112
5124
5193
5222
5232
5245
5246
5288
5294
5316
5373
5376
5417
5483
5498
5520
5552
5602
5605
5623
5624
5632
5704
5722
5797
5822
5860
5867
5888
5914
5928
6024
6070
6107
6130
6135
6137
6146
6194
6201
6240
6248
6255
6316
6328
6340
6384
6388
6438
6466
6489
6538
6550
6609
6673
6682
6730
6761
6798
6805
6843
6871
6878
6939
7037
7088
7139
7176
7232
7240
7284
7336
7342
7382
7384
7441
7497
7660
7680
7706
7714
7786
7847
7860
7885
7954
7979
8048
8123
8173
8192
8214
8224
8242
8249
8272
8288
8306
8319
8331
8360
8402
8480
8506
8513
8553
8578
8599
8715
8738
8762
8776
8859
8928
9209
9248
9253
9336
9346
9406
9417
9519
9551
9588
9620
9657
9729
9870
9973
9984
9992
9998
9999
10000
10028
10038
10084
10098
10153
10210
10213
10214
10252
10269
10271
10272
10391
10396
10398
10460
10466
10492
10532
10544
10612
10624
10706
10714
10809
10960
10997
11002
11056
11108
11109
11110
11198
11216
11264
11293
11305
11308
11312
11313
11314
11315
11342
11354
11520
11607
11616
11630
11680
11681
11735
11831
12038
12075
12123
12193
12288
12289
12296
12304
12332
12336
12337
12338
12339
12340
12341
12342
12343
12344
12345
12394
12402
12409
12418
12502
12517
12545
12546
12566
12576
12580
12588
12589
12592
12594
12595
12599
12600
12692
12707
12744
12800
12802
12844
12848
12849
12850
12851
12853
12854
12855
12856
12902
12950
13011
13039
13054
13056
13105
13106
13107
13110
13112
13146
13280
13284
13312
13313
13336
13342
13356
13360
13364
13365
13366
13367
13369
13381
13392
13399
13415
13420
13424
13468
13514
13542
13616
13617
13618
13620
13621
13622
13624
13625
13657
13786
13825
13869
13873
13875
13876
13877
13879
14017
14029
14030
14100
14120
14128
14130
14135
14137
14152
14177
14180
14198
14205
14216
14275
14277
14282
14289
14306
14308
14336
14369
14375
14384
14385
14387
14388
14389
14390
14391
14392
14393
14396
14415
14416
14439
14445
14454
14458
14480
14518
14539
14575
14622
14636
14640
14641
14642
14643
14644
14648
14650
14692
14694
14762
14833
14849
14872
15003
15036
15128
15153
15156
15250
15452
15494
15496
15500
15582
15677
15710
15717
15728
15860
15900
15969
15975
15982
15996
16007
16026
16105
16192
16194
16222
16226
16244
16295
16311
16348
16384
16385
16396
16406
16470
16500
16560
16685
16689
16714
16718
16728
16739
16740
16747
16749
16752
16758
16810
16858
16864
16884
16936
16947
16960
17039
17080
17202
17217
17232
17246
17267
17320
17324
17381
17446
17463
17611
17653
17664
17668
17673
17674
17680
17682
17690
17692
17694
17698
17700
17705
17706
17709
17712
17714
17726
17730
17732
17736
17744
17747
17748
17750
17761
17763
17768
17774
17781
17783
17786
17791
17792
17793
17796
17806
17808
17811
17812
17820
17823
17826
17828
17829
17830
17838
17860
17863
17864
17865
17868
17871
17880
17883
17884
18246
18267
18364
18432
18560
18666
18724
18753
18761
18766
18772
18773
18776
18788
18789
18793
18808
18953
18972
19024
19141
19142
19200
19210
19280
19292
19317
19327
19401
19456
19498
19520
19532
19545
19556
19612
19633
19744
19764
19777
19786
19793
19797
19872